#ell		zi	zj	cl_gg_tab.txt
0.000		0	0	0.0000000000e+00
0.000		0	1	0.0000000000e+00
0.000		1	0	0.0000000000e+00
0.000		1	1	0.0000000000e+00
1.000		0	0	2.9198931601e-06
1.000		0	1	-8.1271061839e-07
1.000		1	0	0.0000000000e+00
1.000		1	1	2.3342410000e-06
2.000		0	0	3.3089327544e-06
2.000		0	1	-6.6482809546e-07
2.000		1	0	0.0000000000e+00
2.000		1	1	2.2778399811e-06
3.000		0	0	3.6966225170e-06
3.000		0	1	-5.2989334771e-07
3.000		1	0	0.0000000000e+00
3.000		1	1	2.2242929365e-06
4.000		0	0	4.0487310183e-06
4.000		0	1	-4.0963464298e-07
4.000		1	0	0.0000000000e+00
4.000		1	1	2.1828261431e-06
5.000		0	0	4.3590615795e-06
5.000		0	1	-3.0286505262e-07
5.000		1	0	0.0000000000e+00
5.000		1	1	2.1548073118e-06
6.000		0	0	4.6278328963e-06
6.000		0	1	-2.0822313251e-07
6.000		1	0	0.0000000000e+00
6.000		1	1	2.1392316079e-06
7.000		0	0	4.8565898743e-06
7.000		0	1	-1.2483417127e-07
7.000		1	0	0.0000000000e+00
7.000		1	1	2.1347026642e-06
8.000		0	0	5.0495024975e-06
8.000		0	1	-5.0478233160e-08
8.000		1	0	0.0000000000e+00
8.000		1	1	2.1378411605e-06
9.000		0	0	5.2110791945e-06
9.000		0	1	1.5698262211e-08
9.000		1	0	0.0000000000e+00
9.000		1	1	2.1479135010e-06
10.000		0	0	5.3418531164e-06
10.000		0	1	7.4517913944e-08
10.000		1	0	0.0000000000e+00
10.000		1	1	2.1625267435e-06
11.000		0	0	5.4475505733e-06
11.000		0	1	1.2715455660e-07
11.000		1	0	0.0000000000e+00
11.000		1	1	2.1810089224e-06
12.000		0	0	5.5279208244e-06
12.000		0	1	1.7398880914e-07
12.000		1	0	0.0000000000e+00
12.000		1	1	2.2015883706e-06
13.000		0	0	5.5884193340e-06
13.000		0	1	2.1609615858e-07
13.000		1	0	0.0000000000e+00
13.000		1	1	2.2239110678e-06
14.000		0	0	5.6288068883e-06
14.000		0	1	2.5366912559e-07
14.000		1	0	0.0000000000e+00
14.000		1	1	2.2467321389e-06
15.000		0	0	5.6531951889e-06
15.000		0	1	2.8749885560e-07
15.000		1	0	0.0000000000e+00
15.000		1	1	2.2698698653e-06
16.000		0	0	5.6626221285e-06
16.000		0	1	3.1787389696e-07
16.000		1	0	0.0000000000e+00
16.000		1	1	2.2926849400e-06
17.000		0	0	5.6576250877e-06
17.000		0	1	3.4497023377e-07
17.000		1	0	0.0000000000e+00
17.000		1	1	2.3145178679e-06
18.000		0	0	5.6416069868e-06
18.000		0	1	3.6937830090e-07
18.000		1	0	0.0000000000e+00
18.000		1	1	2.3355120519e-06
19.000		0	0	5.6152149361e-06
19.000		0	1	3.9123936361e-07
19.000		1	0	0.0000000000e+00
19.000		1	1	2.3552655777e-06
20.000		0	0	5.5789785489e-06
20.000		0	1	4.1066814331e-07
20.000		1	0	0.0000000000e+00
20.000		1	1	2.3733815126e-06
21.000		0	0	5.5348396643e-06
21.000		0	1	4.2797630805e-07
21.000		1	0	0.0000000000e+00
21.000		1	1	2.3899863670e-06
22.000		0	0	5.4839184395e-06
22.000		0	1	4.4337755559e-07
22.000		1	0	0.0000000000e+00
22.000		1	1	2.4049578840e-06
23.000		0	0	5.4269569836e-06
23.000		0	1	4.5699854069e-07
23.000		1	0	0.0000000000e+00
23.000		1	1	2.4181918646e-06
24.000		0	0	5.3646609445e-06
24.000		0	1	4.6895780445e-07
24.000		1	0	0.0000000000e+00
24.000		1	1	2.4296164889e-06
25.000		0	0	5.2979912976e-06
25.000		0	1	4.7942143332e-07
25.000		1	0	0.0000000000e+00
25.000		1	1	2.4392555870e-06
26.000		0	0	5.2270505980e-06
26.000		0	1	4.8840704224e-07
26.000		1	0	0.0000000000e+00
26.000		1	1	2.4469017606e-06
27.000		0	0	5.1533303002e-06
27.000		0	1	4.9615465310e-07
27.000		1	0	0.0000000000e+00
27.000		1	1	2.4528747492e-06
28.000		0	0	5.0770751433e-06
28.000		0	1	5.0270507079e-07
28.000		1	0	0.0000000000e+00
28.000		1	1	2.4570802371e-06
29.000		0	0	4.9986978227e-06
29.000		0	1	5.0812620383e-07
29.000		1	0	0.0000000000e+00
29.000		1	1	2.4595135644e-06
30.000		0	0	4.9188527602e-06
30.000		0	1	5.1253264266e-07
30.000		1	0	0.0000000000e+00
30.000		1	1	2.4602641727e-06
31.000		0	0	4.8373799079e-06
31.000		0	1	5.1589743659e-07
31.000		1	0	0.0000000000e+00
31.000		1	1	2.4591538351e-06
32.000		0	0	4.7554367886e-06
32.000		0	1	5.1842234077e-07
32.000		1	0	0.0000000000e+00
32.000		1	1	2.4565244451e-06
33.000		0	0	4.6730933915e-06
33.000		0	1	5.2012461358e-07
33.000		1	0	0.0000000000e+00
33.000		1	1	2.4523256240e-06
34.000		0	0	4.5906564090e-06
34.000		0	1	5.2106537800e-07
34.000		1	0	0.0000000000e+00
34.000		1	1	2.4466124443e-06
35.000		0	0	4.5083995613e-06
35.000		0	1	5.2130181183e-07
35.000		1	0	0.0000000000e+00
35.000		1	1	2.4394428514e-06
36.000		0	0	4.4264342012e-06
36.000		0	1	5.2086375015e-07
36.000		1	0	0.0000000000e+00
36.000		1	1	2.4308163206e-06
37.000		0	0	4.3450092754e-06
37.000		0	1	5.1980536865e-07
37.000		1	0	0.0000000000e+00
37.000		1	1	2.4208154301e-06
38.000		0	0	4.2644399414e-06
38.000		0	1	5.1819795630e-07
38.000		1	0	0.0000000000e+00
38.000		1	1	2.4095526782e-06
39.000		0	0	4.1849052772e-06
39.000		0	1	5.1608849115e-07
39.000		1	0	0.0000000000e+00
39.000		1	1	2.3970951999e-06
40.000		0	0	4.1065208401e-06
40.000		0	1	5.1351402100e-07
40.000		1	0	0.0000000000e+00
40.000		1	1	2.3834968279e-06
41.000		0	0	4.0293802781e-06
41.000		0	1	5.1050946069e-07
41.000		1	0	0.0000000000e+00
41.000		1	1	2.3688113382e-06
42.000		0	0	3.9535800603e-06
42.000		0	1	5.0711175426e-07
42.000		1	0	0.0000000000e+00
42.000		1	1	2.3530972218e-06
43.000		0	0	3.8791978819e-06
43.000		0	1	5.0335515357e-07
43.000		1	0	0.0000000000e+00
43.000		1	1	2.3364109335e-06
44.000		0	0	3.8063008679e-06
44.000		0	1	4.9927260866e-07
44.000		1	0	0.0000000000e+00
44.000		1	1	2.3188119031e-06
45.000		0	0	3.7349797358e-06
45.000		0	1	4.9490262032e-07
45.000		1	0	0.0000000000e+00
45.000		1	1	2.3003807905e-06
46.000		0	0	3.6653119274e-06
46.000		0	1	4.9028114744e-07
46.000		1	0	0.0000000000e+00
46.000		1	1	2.2811957992e-06
47.000		0	0	3.5973470821e-06
47.000		0	1	4.8543931848e-07
47.000		1	0	0.0000000000e+00
47.000		1	1	2.2613245573e-06
48.000		0	0	3.5310933097e-06
48.000		0	1	4.8040305778e-07
48.000		1	0	0.0000000000e+00
48.000		1	1	2.2408199489e-06
49.000		0	0	3.4665430841e-06
49.000		0	1	4.7519488388e-07
49.000		1	0	0.0000000000e+00
49.000		1	1	2.2197279464e-06
50.000		0	0	3.4036866342e-06
50.000		0	1	4.6983616828e-07
50.000		1	0	0.0000000000e+00
50.000		1	1	2.1980951764e-06
51.000		0	0	3.3425257790e-06
51.000		0	1	4.6435142760e-07
51.000		1	0	0.0000000000e+00
51.000		1	1	2.1759825394e-06
52.000		0	0	3.2830589689e-06
52.000		0	1	4.5876349376e-07
52.000		1	0	0.0000000000e+00
52.000		1	1	2.1534486180e-06
53.000		0	0	3.2252791600e-06
53.000		0	1	4.5309341659e-07
53.000		1	0	0.0000000000e+00
53.000		1	1	2.1305485330e-06
54.000		0	0	3.1691788286e-06
54.000		0	1	4.4736373324e-07
54.000		1	0	0.0000000000e+00
54.000		1	1	2.1073434439e-06
55.000		0	0	3.1147462405e-06
55.000		0	1	4.4159507748e-07
55.000		1	0	0.0000000000e+00
55.000		1	1	2.0838901780e-06
56.000		0	0	3.0619601040e-06
56.000		0	1	4.3580520888e-07
56.000		1	0	0.0000000000e+00
56.000		1	1	2.0602384112e-06
57.000		0	0	3.0107771232e-06
57.000		0	1	4.3000879753e-07
57.000		1	0	0.0000000000e+00
57.000		1	1	2.0364306234e-06
58.000		0	0	2.9611495374e-06
58.000		0	1	4.2421841004e-07
58.000		1	0	0.0000000000e+00
58.000		1	1	2.0125039301e-06
59.000		0	0	2.9130310175e-06
59.000		0	1	4.1844557860e-07
59.000		1	0	0.0000000000e+00
59.000		1	1	1.9884937789e-06
60.000		0	0	2.8663781385e-06
60.000		0	1	4.1270269785e-07
60.000		1	0	0.0000000000e+00
60.000		1	1	1.9644420047e-06
61.000		0	0	2.8211487565e-06
61.000		0	1	4.0700108677e-07
61.000		1	0	0.0000000000e+00
61.000		1	1	1.9403878852e-06
62.000		0	0	2.7773029014e-06
62.000		0	1	4.0135134640e-07
62.000		1	0	0.0000000000e+00
62.000		1	1	1.9163685325e-06
63.000		0	0	2.7348064962e-06
63.000		0	1	3.9576577407e-07
63.000		1	0	0.0000000000e+00
63.000		1	1	1.8924268672e-06
64.000		0	0	2.6936269111e-06
64.000		0	1	3.9025576584e-07
64.000		1	0	0.0000000000e+00
64.000		1	1	1.8686029568e-06
65.000		0	0	2.6537258694e-06
65.000		0	1	3.8483039079e-07
65.000		1	0	0.0000000000e+00
65.000		1	1	1.8449305652e-06
66.000		0	0	2.6150434787e-06
66.000		0	1	3.7949445696e-07
66.000		1	0	0.0000000000e+00
66.000		1	1	1.8214343320e-06
67.000		0	0	2.5775180379e-06
67.000		0	1	3.7425126241e-07
67.000		1	0	0.0000000000e+00
67.000		1	1	1.7981344413e-06
68.000		0	0	2.5410951389e-06
68.000		0	1	3.6910429093e-07
68.000		1	0	0.0000000000e+00
68.000		1	1	1.7750504313e-06
69.000		0	0	2.5057363674e-06
69.000		0	1	3.6405949422e-07
69.000		1	0	0.0000000000e+00
69.000		1	1	1.7522074553e-06
70.000		0	0	2.4714080493e-06
70.000		0	1	3.5912267332e-07
70.000		1	0	0.0000000000e+00
70.000		1	1	1.7296293361e-06
71.000		0	0	2.4380739359e-06
71.000		0	1	3.5429842256e-07
71.000		1	0	0.0000000000e+00
71.000		1	1	1.7073374940e-06
72.000		0	0	2.4056845463e-06
72.000		0	1	3.4958933223e-07
72.000		1	0	0.0000000000e+00
72.000		1	1	1.6853535484e-06
73.000		0	0	2.3741899273e-06
73.000		0	1	3.4499715748e-07
73.000		1	0	0.0000000000e+00
73.000		1	1	1.6636969122e-06
74.000		0	0	2.3435434114e-06
74.000		0	1	3.4052321727e-07
74.000		1	0	0.0000000000e+00
74.000		1	1	1.6423842618e-06
75.000		0	0	2.3137013598e-06
75.000		0	1	3.3616844559e-07
75.000		1	0	0.0000000000e+00
75.000		1	1	1.6214298291e-06
76.000		0	0	2.2846229284e-06
76.000		0	1	3.3193343691e-07
76.000		1	0	0.0000000000e+00
76.000		1	1	1.6008456621e-06
77.000		0	0	2.2562698552e-06
77.000		0	1	3.2781848667e-07
77.000		1	0	0.0000000000e+00
77.000		1	1	1.5806418572e-06
78.000		0	0	2.2286062654e-06
78.000		0	1	3.2382362714e-07
78.000		1	0	0.0000000000e+00
78.000		1	1	1.5608267675e-06
79.000		0	0	2.2015984946e-06
79.000		0	1	3.1994865939e-07
79.000		1	0	0.0000000000e+00
79.000		1	1	1.5414071886e-06
80.000		0	0	2.1752149264e-06
80.000		0	1	3.1619318179e-07
80.000		1	0	0.0000000000e+00
80.000		1	1	1.5223885248e-06
81.000		0	0	2.1494250353e-06
81.000		0	1	3.1255622016e-07
81.000		1	0	0.0000000000e+00
81.000		1	1	1.5037751241e-06
82.000		0	0	2.1241969796e-06
82.000		0	1	3.0903514132e-07
82.000		1	0	0.0000000000e+00
82.000		1	1	1.4855709309e-06
83.000		0	0	2.0995001580e-06
83.000		0	1	3.0562698251e-07
83.000		1	0	0.0000000000e+00
83.000		1	1	1.4677789929e-06
84.000		0	0	2.0753059050e-06
84.000		0	1	3.0232886502e-07
84.000		1	0	0.0000000000e+00
84.000		1	1	1.4504013833e-06
85.000		0	0	2.0515873495e-06
85.000		0	1	2.9913799260e-07
85.000		1	0	0.0000000000e+00
85.000		1	1	1.4334393056e-06
86.000		0	0	2.0283192854e-06
86.000		0	1	2.9605164961e-07
86.000		1	0	0.0000000000e+00
86.000		1	1	1.4168931881e-06
87.000		0	0	2.0054780522e-06
87.000		0	1	2.9306719919e-07
87.000		1	0	0.0000000000e+00
87.000		1	1	1.4007627688e-06
88.000		0	0	1.9830414262e-06
88.000		0	1	2.9018208138e-07
88.000		1	0	0.0000000000e+00
88.000		1	1	1.3850471721e-06
89.000		0	0	1.9609885197e-06
89.000		0	1	2.8739381107e-07
89.000		1	0	0.0000000000e+00
89.000		1	1	1.3697449774e-06
90.000		0	0	1.9392996882e-06
90.000		0	1	2.8469997612e-07
90.000		1	0	0.0000000000e+00
90.000		1	1	1.3548542811e-06
91.000		0	0	1.9179559898e-06
91.000		0	1	2.8209783448e-07
91.000		1	0	0.0000000000e+00
91.000		1	1	1.3403718052e-06
92.000		0	0	1.8969378167e-06
92.000		0	1	2.7958317869e-07
92.000		1	0	0.0000000000e+00
92.000		1	1	1.3262902685e-06
93.000		0	0	1.8762263195e-06
93.000		0	1	2.7715164966e-07
93.000		1	0	0.0000000000e+00
93.000		1	1	1.3126015418e-06
94.000		0	0	1.8558037986e-06
94.000		0	1	2.7479913781e-07
94.000		1	0	0.0000000000e+00
94.000		1	1	1.2992976415e-06
95.000		0	0	1.8356536260e-06
95.000		0	1	2.7252176663e-07
95.000		1	0	0.0000000000e+00
95.000		1	1	1.2863707327e-06
96.000		0	0	1.8157601725e-06
96.000		0	1	2.7031587753e-07
96.000		1	0	0.0000000000e+00
96.000		1	1	1.2738131306e-06
97.000		0	0	1.7961087412e-06
97.000		0	1	2.6817801570e-07
97.000		1	0	0.0000000000e+00
97.000		1	1	1.2616173019e-06
98.000		0	0	1.7766855052e-06
98.000		0	1	2.6610491709e-07
98.000		1	0	0.0000000000e+00
98.000		1	1	1.2497758652e-06
99.000		0	0	1.7574774501e-06
99.000		0	1	2.6409349635e-07
99.000		1	0	0.0000000000e+00
99.000		1	1	1.2382815912e-06
100.000		0	0	1.7384723218e-06
100.000		0	1	2.6214083553e-07
100.000		1	0	0.0000000000e+00
100.000		1	1	1.2271274022e-06
101.000		0	0	1.7196600396e-06
101.000		0	1	2.6024369163e-07
101.000		1	0	0.0000000000e+00
101.000		1	1	1.2163054470e-06
102.000		0	0	1.7010368146e-06
102.000		0	1	2.5839711547e-07
102.000		1	0	0.0000000000e+00
102.000		1	1	1.2058044722e-06
103.000		0	0	1.6826003407e-06
103.000		0	1	2.5659601278e-07
103.000		1	0	0.0000000000e+00
103.000		1	1	1.1956128291e-06
104.000		0	0	1.6643482798e-06
104.000		0	1	2.5483562181e-07
104.000		1	0	0.0000000000e+00
104.000		1	1	1.1857194036e-06
105.000		0	0	1.6462782689e-06
105.000		0	1	2.5311149121e-07
105.000		1	0	0.0000000000e+00
105.000		1	1	1.1761135873e-06
106.000		0	0	1.6283879265e-06
106.000		0	1	2.5141945933e-07
106.000		1	0	0.0000000000e+00
106.000		1	1	1.1667852491e-06
107.000		0	0	1.6106748585e-06
107.000		0	1	2.4975563514e-07
107.000		1	0	0.0000000000e+00
107.000		1	1	1.1577247099e-06
108.000		0	0	1.5931366633e-06
108.000		0	1	2.4811638050e-07
108.000		1	0	0.0000000000e+00
108.000		1	1	1.1489227180e-06
109.000		0	0	1.5757709368e-06
109.000		0	1	2.4649829359e-07
109.000		1	0	0.0000000000e+00
109.000		1	1	1.1403704265e-06
110.000		0	0	1.5585752760e-06
110.000		0	1	2.4489819366e-07
110.000		1	0	0.0000000000e+00
110.000		1	1	1.1320593723e-06
111.000		0	0	1.5415472831e-06
111.000		0	1	2.4331310668e-07
111.000		1	0	0.0000000000e+00
111.000		1	1	1.1239814554e-06
112.000		0	0	1.5246845690e-06
112.000		0	1	2.4174025216e-07
112.000		1	0	0.0000000000e+00
112.000		1	1	1.1161289207e-06
113.000		0	0	1.5079847559e-06
113.000		0	1	2.4017703071e-07
113.000		1	0	0.0000000000e+00
113.000		1	1	1.1084943402e-06
114.000		0	0	1.4914464209e-06
114.000		0	1	2.3862103924e-07
114.000		1	0	0.0000000000e+00
114.000		1	1	1.1010690221e-06
115.000		0	0	1.4750717899e-06
115.000		0	1	2.3707013644e-07
115.000		1	0	0.0000000000e+00
115.000		1	1	1.0938384896e-06
116.000		0	0	1.4588637027e-06
116.000		0	1	2.3552234679e-07
116.000		1	0	0.0000000000e+00
116.000		1	1	1.0867875502e-06
117.000		0	0	1.4428246643e-06
117.000		0	1	2.3397582425e-07
117.000		1	0	0.0000000000e+00
117.000		1	1	1.0799018719e-06
118.000		0	0	1.4269568688e-06
118.000		0	1	2.3242884423e-07
118.000		1	0	0.0000000000e+00
118.000		1	1	1.0731679331e-06
119.000		0	0	1.4112622220e-06
119.000		0	1	2.3087979605e-07
119.000		1	0	0.0000000000e+00
119.000		1	1	1.0665729744e-06
120.000		0	0	1.3957423622e-06
120.000		0	1	2.2932717591e-07
120.000		1	0	0.0000000000e+00
120.000		1	1	1.0601049547e-06
121.000		0	0	1.3803986796e-06
121.000		0	1	2.2776958029e-07
121.000		1	0	0.0000000000e+00
121.000		1	1	1.0537525097e-06
122.000		0	0	1.3652323342e-06
122.000		0	1	2.2620569981e-07
122.000		1	0	0.0000000000e+00
122.000		1	1	1.0475049124e-06
123.000		0	0	1.3502442723e-06
123.000		0	1	2.2463431348e-07
123.000		1	0	0.0000000000e+00
123.000		1	1	1.0413520372e-06
124.000		0	0	1.3354352426e-06
124.000		0	1	2.2305428334e-07
124.000		1	0	0.0000000000e+00
124.000		1	1	1.0352843253e-06
125.000		0	0	1.3208058105e-06
125.000		0	1	2.2146454937e-07
125.000		1	0	0.0000000000e+00
125.000		1	1	1.0292927525e-06
126.000		0	0	1.3063563712e-06
126.000		0	1	2.1986412482e-07
126.000		1	0	0.0000000000e+00
126.000		1	1	1.0233687994e-06
127.000		0	0	1.2920875064e-06
127.000		0	1	2.1825238026e-07
127.000		1	0	0.0000000000e+00
127.000		1	1	1.0175044225e-06
128.000		0	0	1.2780009833e-06
128.000		0	1	2.1662986902e-07
128.000		1	0	0.0000000000e+00
128.000		1	1	1.0116920277e-06
129.000		0	0	1.2640986643e-06
129.000		0	1	2.1499739815e-07
129.000		1	0	0.0000000000e+00
129.000		1	1	1.0059244454e-06
130.000		0	0	1.2503821693e-06
130.000		0	1	2.1335573296e-07
130.000		1	0	0.0000000000e+00
130.000		1	1	1.0001949073e-06
131.000		0	0	1.2368528926e-06
131.000		0	1	2.1170559934e-07
131.000		1	0	0.0000000000e+00
131.000		1	1	9.9449702403e-07
132.000		0	0	1.2235120172e-06
132.000		0	1	2.1004768575e-07
132.000		1	0	0.0000000000e+00
132.000		1	1	9.8882476465e-07
133.000		0	0	1.2103605296e-06
133.000		0	1	2.0838264527e-07
133.000		1	0	0.0000000000e+00
133.000		1	1	9.8317243695e-07
134.000		0	0	1.1973992330e-06
134.000		0	1	2.0671109746e-07
134.000		1	0	0.0000000000e+00
134.000		1	1	9.7753466903e-07
135.000		0	0	1.1846287592e-06
135.000		0	1	2.0503363007e-07
135.000		1	0	0.0000000000e+00
135.000		1	1	9.7190639195e-07
136.000		0	0	1.1720495810e-06
136.000		0	1	2.0335080072e-07
136.000		1	0	0.0000000000e+00
136.000		1	1	9.6628282341e-07
137.000		0	0	1.1596620225e-06
137.000		0	1	2.0166313847e-07
137.000		1	0	0.0000000000e+00
137.000		1	1	9.6065945229e-07
138.000		0	0	1.1474662695e-06
138.000		0	1	1.9997114529e-07
138.000		1	0	0.0000000000e+00
138.000		1	1	9.5503202420e-07
139.000		0	0	1.1354623789e-06
139.000		0	1	1.9827529742e-07
139.000		1	0	0.0000000000e+00
139.000		1	1	9.4939652769e-07
140.000		0	0	1.1236502880e-06
140.000		0	1	1.9657604675e-07
140.000		1	0	0.0000000000e+00
140.000		1	1	9.4374918141e-07
141.000		0	0	1.1120298225e-06
141.000		0	1	1.9487382199e-07
141.000		1	0	0.0000000000e+00
141.000		1	1	9.3808642187e-07
142.000		0	0	1.1006007044e-06
142.000		0	1	1.9316902990e-07
142.000		1	0	0.0000000000e+00
142.000		1	1	9.3240489192e-07
143.000		0	0	1.0893625598e-06
143.000		0	1	1.9146205635e-07
143.000		1	0	0.0000000000e+00
143.000		1	1	9.2670142993e-07
144.000		0	0	1.0783149251e-06
144.000		0	1	1.8975326742e-07
144.000		1	0	0.0000000000e+00
144.000		1	1	9.2097305948e-07
145.000		0	0	1.0674572541e-06
145.000		0	1	1.8804301036e-07
145.000		1	0	0.0000000000e+00
145.000		1	1	9.1521697966e-07
146.000		0	0	1.0567889237e-06
146.000		0	1	1.8633161453e-07
146.000		1	0	0.0000000000e+00
146.000		1	1	9.0943055594e-07
147.000		0	0	1.0463092397e-06
147.000		0	1	1.8461939230e-07
147.000		1	0	0.0000000000e+00
147.000		1	1	9.0361131146e-07
148.000		0	0	1.0360174422e-06
148.000		0	1	1.8290663989e-07
148.000		1	0	0.0000000000e+00
148.000		1	1	8.9775691888e-07
149.000		0	0	1.0259127105e-06
149.000		0	1	1.8119363818e-07
149.000		1	0	0.0000000000e+00
149.000		1	1	8.9186519259e-07
150.000		0	0	1.0159941678e-06
150.000		0	1	1.7948065341e-07
150.000		1	0	0.0000000000e+00
150.000		1	1	8.8593408141e-07
151.000		0	0	1.0062608856e-06
151.000		0	1	1.7776793799e-07
151.000		1	0	0.0000000000e+00
151.000		1	1	8.7996166161e-07
152.000		0	0	9.9671127041e-07
152.000		0	1	1.7605601330e-07
152.000		1	0	0.0000000000e+00
152.000		1	1	8.7394706650e-07
153.000		0	0	9.8734127783e-07
153.000		0	1	1.7434648778e-07
153.000		1	0	0.0000000000e+00
153.000		1	1	8.6789319123e-07
154.000		0	0	9.7814637817e-07
154.000		0	1	1.7264116143e-07
154.000		1	0	0.0000000000e+00
154.000		1	1	8.6180371476e-07
155.000		0	0	9.6912218487e-07
155.000		0	1	1.7094174072e-07
155.000		1	0	0.0000000000e+00
155.000		1	1	8.5568214687e-07
156.000		0	0	9.6026444908e-07
156.000		0	1	1.6924984313e-07
156.000		1	0	0.0000000000e+00
156.000		1	1	8.4953183593e-07
157.000		0	0	9.5156905453e-07
157.000		0	1	1.6756700140e-07
157.000		1	0	0.0000000000e+00
157.000		1	1	8.4335597633e-07
158.000		0	0	9.4303201251e-07
158.000		0	1	1.6589466752e-07
158.000		1	0	0.0000000000e+00
158.000		1	1	8.3715761544e-07
159.000		0	0	9.3464945721e-07
159.000		0	1	1.6423421663e-07
159.000		1	0	0.0000000000e+00
159.000		1	1	8.3093966031e-07
160.000		0	0	9.2641764112e-07
160.000		0	1	1.6258695066e-07
160.000		1	0	0.0000000000e+00
160.000		1	1	8.2470488404e-07
161.000		0	0	9.1833293070e-07
161.000		0	1	1.6095410176e-07
161.000		1	0	0.0000000000e+00
161.000		1	1	8.1845593179e-07
162.000		0	0	9.1039180228e-07
162.000		0	1	1.5933683560e-07
162.000		1	0	0.0000000000e+00
162.000		1	1	8.1219532654e-07
163.000		0	0	9.0259083801e-07
163.000		0	1	1.5773625456e-07
163.000		1	0	0.0000000000e+00
163.000		1	1	8.0592547457e-07
164.000		0	0	8.9492672209e-07
164.000		0	1	1.5615340062e-07
164.000		1	0	0.0000000000e+00
164.000		1	1	7.9964867066e-07
165.000		0	0	8.8739623712e-07
165.000		0	1	1.5458925825e-07
165.000		1	0	0.0000000000e+00
165.000		1	1	7.9336710302e-07
166.000		0	0	8.7999626056e-07
166.000		0	1	1.5304475709e-07
166.000		1	0	0.0000000000e+00
166.000		1	1	7.8708285809e-07
167.000		0	0	8.7272376144e-07
167.000		0	1	1.5152077451e-07
167.000		1	0	0.0000000000e+00
167.000		1	1	7.8079792497e-07
168.000		0	0	8.6557579710e-07
168.000		0	1	1.5001813803e-07
168.000		1	0	0.0000000000e+00
168.000		1	1	7.7451419972e-07
169.000		0	0	8.5854951009e-07
169.000		0	1	1.4853762768e-07
169.000		1	0	0.0000000000e+00
169.000		1	1	7.6823348949e-07
170.000		0	0	8.5164212526e-07
170.000		0	1	1.4707997816e-07
170.000		1	0	0.0000000000e+00
170.000		1	1	7.6195751637e-07
171.000		0	0	8.4485094689e-07
171.000		0	1	1.4564588099e-07
171.000		1	0	0.0000000000e+00
171.000		1	1	7.5568792111e-07
172.000		0	0	8.3817335595e-07
172.000		0	1	1.4423598650e-07
172.000		1	0	0.0000000000e+00
172.000		1	1	7.4942626671e-07
173.000		0	0	8.3160680752e-07
173.000		0	1	1.4285090570e-07
173.000		1	0	0.0000000000e+00
173.000		1	1	7.4317404174e-07
174.000		0	0	8.2514882824e-07
174.000		0	1	1.4149121215e-07
174.000		1	0	0.0000000000e+00
174.000		1	1	7.3693266360e-07
175.000		0	0	8.1879701392e-07
175.000		0	1	1.4015744368e-07
175.000		1	0	0.0000000000e+00
175.000		1	1	7.3070348158e-07
176.000		0	0	8.1254902721e-07
176.000		0	1	1.3885010402e-07
176.000		1	0	0.0000000000e+00
176.000		1	1	7.2448777982e-07
177.000		0	0	8.0640235073e-07
177.000		0	1	1.3756952409e-07
177.000		1	0	0.0000000000e+00
177.000		1	1	7.1828733866e-07
178.000		0	0	8.0035357281e-07
178.000		0	1	1.3631545520e-07
178.000		1	0	0.0000000000e+00
178.000		1	1	7.1210606306e-07
179.000		0	0	7.9439915646e-07
179.000		0	1	1.3508751255e-07
179.000		1	0	0.0000000000e+00
179.000		1	1	7.0594822494e-07
180.000		0	0	7.8853568497e-07
180.000		0	1	1.3388531859e-07
180.000		1	0	0.0000000000e+00
180.000		1	1	6.9981790033e-07
181.000		0	0	7.8275985742e-07
181.000		0	1	1.3270850285e-07
181.000		1	0	0.0000000000e+00
181.000		1	1	6.9371897759e-07
182.000		0	0	7.7706848444e-07
182.000		0	1	1.3155670178e-07
182.000		1	0	0.0000000000e+00
182.000		1	1	6.8765516514e-07
183.000		0	0	7.7145848410e-07
183.000		0	1	1.3042955858e-07
183.000		1	0	0.0000000000e+00
183.000		1	1	6.8162999900e-07
184.000		0	0	7.6592687795e-07
184.000		0	1	1.2932672307e-07
184.000		1	0	0.0000000000e+00
184.000		1	1	6.7564684990e-07
185.000		0	0	7.6047078729e-07
185.000		0	1	1.2824785154e-07
185.000		1	0	0.0000000000e+00
185.000		1	1	6.6970893012e-07
186.000		0	0	7.5508742950e-07
186.000		0	1	1.2719260658e-07
186.000		1	0	0.0000000000e+00
186.000		1	1	6.6381930000e-07
187.000		0	0	7.4977411462e-07
187.000		0	1	1.2616065697e-07
187.000		1	0	0.0000000000e+00
187.000		1	1	6.5798087424e-07
188.000		0	0	7.4452824198e-07
188.000		0	1	1.2515167753e-07
188.000		1	0	0.0000000000e+00
188.000		1	1	6.5219642783e-07
189.000		0	0	7.3934729700e-07
189.000		0	1	1.2416534898e-07
189.000		1	0	0.0000000000e+00
189.000		1	1	6.4646860184e-07
190.000		0	0	7.3422884811e-07
190.000		0	1	1.2320135783e-07
190.000		1	0	0.0000000000e+00
190.000		1	1	6.4079990884e-07
191.000		0	0	7.2917054384e-07
191.000		0	1	1.2225939624e-07
191.000		1	0	0.0000000000e+00
191.000		1	1	6.3519273821e-07
192.000		0	0	7.2417010992e-07
192.000		0	1	1.2133916187e-07
192.000		1	0	0.0000000000e+00
192.000		1	1	6.2964936111e-07
193.000		0	0	7.1922534661e-07
193.000		0	1	1.2044035782e-07
193.000		1	0	0.0000000000e+00
193.000		1	1	6.2417193534e-07
194.000		0	0	7.1433412606e-07
194.000		0	1	1.1956269247e-07
194.000		1	0	0.0000000000e+00
194.000		1	1	6.1876250995e-07
195.000		0	0	7.0949438977e-07
195.000		0	1	1.1870587936e-07
195.000		1	0	0.0000000000e+00
195.000		1	1	6.1342302963e-07
196.000		0	0	7.0470414621e-07
196.000		0	1	1.1786963710e-07
196.000		1	0	0.0000000000e+00
196.000		1	1	6.0815533897e-07
197.000		0	0	6.9996146848e-07
197.000		0	1	1.1705368926e-07
197.000		1	0	0.0000000000e+00
197.000		1	1	6.0296118652e-07
198.000		0	0	6.9526449206e-07
198.000		0	1	1.1625776427e-07
198.000		1	0	0.0000000000e+00
198.000		1	1	5.9784222867e-07
199.000		0	0	6.9061141268e-07
199.000		0	1	1.1548159527e-07
199.000		1	0	0.0000000000e+00
199.000		1	1	5.9280003337e-07
200.000		0	0	6.8600048423e-07
200.000		0	1	1.1472492007e-07
200.000		1	0	0.0000000000e+00
200.000		1	1	5.8783608374e-07
201.000		0	0	6.8143001678e-07
201.000		0	1	1.1398748101e-07
201.000		1	0	0.0000000000e+00
201.000		1	1	5.8295178145e-07
202.000		0	0	6.7689855610e-07
202.000		0	1	1.1326890557e-07
202.000		1	0	0.0000000000e+00
202.000		1	1	5.7814815731e-07
203.000		0	0	6.7240541194e-07
203.000		0	1	1.1256835760e-07
203.000		1	0	0.0000000000e+00
203.000		1	1	5.7342501910e-07
204.000		0	0	6.6795008767e-07
204.000		0	1	1.1188491115e-07
204.000		1	0	0.0000000000e+00
204.000		1	1	5.6878187190e-07
205.000		0	0	6.6353209507e-07
205.000		0	1	1.1121767113e-07
205.000		1	0	0.0000000000e+00
205.000		1	1	5.6421821714e-07
206.000		0	0	6.5915095416e-07
206.000		0	1	1.1056577220e-07
206.000		1	0	0.0000000000e+00
206.000		1	1	5.5973355301e-07
207.000		0	0	6.5480619299e-07
207.000		0	1	1.0992837781e-07
207.000		1	0	0.0000000000e+00
207.000		1	1	5.5532737485e-07
208.000		0	0	6.5049734753e-07
208.000		0	1	1.0930467920e-07
208.000		1	0	0.0000000000e+00
208.000		1	1	5.5099917552e-07
209.000		0	0	6.4622396146e-07
209.000		0	1	1.0869389442e-07
209.000		1	0	0.0000000000e+00
209.000		1	1	5.4674844570e-07
210.000		0	0	6.4198558604e-07
210.000		0	1	1.0809526750e-07
210.000		1	0	0.0000000000e+00
210.000		1	1	5.4257467432e-07
211.000		0	0	6.3778177996e-07
211.000		0	1	1.0750806751e-07
211.000		1	0	0.0000000000e+00
211.000		1	1	5.3847734877e-07
212.000		0	0	6.3361210918e-07
212.000		0	1	1.0693158774e-07
212.000		1	0	0.0000000000e+00
212.000		1	1	5.3445595526e-07
213.000		0	0	6.2947614676e-07
213.000		0	1	1.0636514490e-07
213.000		1	0	0.0000000000e+00
213.000		1	1	5.3050997908e-07
214.000		0	0	6.2537347277e-07
214.000		0	1	1.0580807833e-07
214.000		1	0	0.0000000000e+00
214.000		1	1	5.2663890486e-07
215.000		0	0	6.2130367413e-07
215.000		0	1	1.0525974923e-07
215.000		1	0	0.0000000000e+00
215.000		1	1	5.2284221684e-07
216.000		0	0	6.1726634443e-07
216.000		0	1	1.0471953997e-07
216.000		1	0	0.0000000000e+00
216.000		1	1	5.1911939910e-07
217.000		0	0	6.1326108387e-07
217.000		0	1	1.0418685336e-07
217.000		1	0	0.0000000000e+00
217.000		1	1	5.1546993578e-07
218.000		0	0	6.0928749908e-07
218.000		0	1	1.0366111198e-07
218.000		1	0	0.0000000000e+00
218.000		1	1	5.1189331128e-07
219.000		0	0	6.0534520300e-07
219.000		0	1	1.0314175753e-07
219.000		1	0	0.0000000000e+00
219.000		1	1	5.0838901050e-07
220.000		0	0	6.0143381477e-07
220.000		0	1	1.0262825022e-07
220.000		1	0	0.0000000000e+00
220.000		1	1	5.0495651901e-07
221.000		0	0	5.9755295960e-07
221.000		0	1	1.0212006815e-07
221.000		1	0	0.0000000000e+00
221.000		1	1	5.0159532322e-07
222.000		0	0	5.9370226867e-07
222.000		0	1	1.0161670671e-07
222.000		1	0	0.0000000000e+00
222.000		1	1	4.9830491055e-07
223.000		0	0	5.8988137897e-07
223.000		0	1	1.0111767804e-07
223.000		1	0	0.0000000000e+00
223.000		1	1	4.9508476961e-07
224.000		0	0	5.8608993323e-07
224.000		0	1	1.0062251048e-07
224.000		1	0	0.0000000000e+00
224.000		1	1	4.9193439035e-07
225.000		0	0	5.8232757979e-07
225.000		0	1	1.0013074804e-07
225.000		1	0	0.0000000000e+00
225.000		1	1	4.8885326416e-07
226.000		0	0	5.7859397250e-07
226.000		0	1	9.9641949906e-08
226.000		1	0	0.0000000000e+00
226.000		1	1	4.8584088408e-07
227.000		0	0	5.7488886835e-07
227.000		0	1	9.9155719019e-08
227.000		1	0	0.0000000000e+00
227.000		1	1	4.8289640603e-07
228.000		0	0	5.7121241381e-07
228.000		0	1	9.8671786846e-08
228.000		1	0	0.0000000000e+00
228.000		1	1	4.8001765622e-07
229.000		0	0	5.6756483977e-07
229.000		0	1	9.8189922190e-08
229.000		1	0	0.0000000000e+00
229.000		1	1	4.7720218808e-07
230.000		0	0	5.6394636270e-07
230.000		0	1	9.7709901346e-08
230.000		1	0	0.0000000000e+00
230.000		1	1	4.7444762490e-07
231.000		0	0	5.6035718511e-07
231.000		0	1	9.7231507855e-08
231.000		1	0	0.0000000000e+00
231.000		1	1	4.7175165777e-07
232.000		0	0	5.5679749609e-07
232.000		0	1	9.6754532283e-08
232.000		1	0	0.0000000000e+00
232.000		1	1	4.6911204354e-07
233.000		0	0	5.5326747186e-07
233.000		0	1	9.6278771999e-08
233.000		1	0	0.0000000000e+00
233.000		1	1	4.6652660284e-07
234.000		0	0	5.4976727615e-07
234.000		0	1	9.5804030959e-08
234.000		1	0	0.0000000000e+00
234.000		1	1	4.6399321819e-07
235.000		0	0	5.4629706076e-07
235.000		0	1	9.5330119503e-08
235.000		1	0	0.0000000000e+00
235.000		1	1	4.6150983220e-07
236.000		0	0	5.4285696596e-07
236.000		0	1	9.4856854152e-08
236.000		1	0	0.0000000000e+00
236.000		1	1	4.5907444572e-07
237.000		0	0	5.3944712091e-07
237.000		0	1	9.4384057420e-08
237.000		1	0	0.0000000000e+00
237.000		1	1	4.5668511618e-07
238.000		0	0	5.3606764412e-07
238.000		0	1	9.3911557625e-08
238.000		1	0	0.0000000000e+00
238.000		1	1	4.5433995590e-07
239.000		0	0	5.3271864379e-07
239.000		0	1	9.3439188710e-08
239.000		1	0	0.0000000000e+00
239.000		1	1	4.5203713051e-07
240.000		0	0	5.2940021825e-07
240.000		0	1	9.2966790068e-08
240.000		1	0	0.0000000000e+00
240.000		1	1	4.4977485733e-07
241.000		0	0	5.2611245630e-07
241.000		0	1	9.2494206375e-08
241.000		1	0	0.0000000000e+00
241.000		1	1	4.4755140393e-07
242.000		0	0	5.2285543758e-07
242.000		0	1	9.2021287426e-08
242.000		1	0	0.0000000000e+00
242.000		1	1	4.4536508663e-07
243.000		0	0	5.1962923291e-07
243.000		0	1	9.1547887980e-08
243.000		1	0	0.0000000000e+00
243.000		1	1	4.4321426909e-07
244.000		0	0	5.1643390463e-07
244.000		0	1	9.1073867603e-08
244.000		1	0	0.0000000000e+00
244.000		1	1	4.4109736097e-07
245.000		0	0	5.1326950692e-07
245.000		0	1	9.0599090525e-08
245.000		1	0	0.0000000000e+00
245.000		1	1	4.3901281655e-07
246.000		0	0	5.1013608610e-07
246.000		0	1	9.0123425498e-08
246.000		1	0	0.0000000000e+00
246.000		1	1	4.3695913350e-07
247.000		0	0	5.0703368094e-07
247.000		0	1	8.9646745652e-08
247.000		1	0	0.0000000000e+00
247.000		1	1	4.3493485159e-07
248.000		0	0	5.0396232294e-07
248.000		0	1	8.9168928369e-08
248.000		1	0	0.0000000000e+00
248.000		1	1	4.3293855154e-07
249.000		0	0	5.0092203662e-07
249.000		0	1	8.8689855149e-08
249.000		1	0	0.0000000000e+00
249.000		1	1	4.3096885378e-07
250.000		0	0	4.9791283979e-07
250.000		0	1	8.8209411486e-08
250.000		1	0	0.0000000000e+00
250.000		1	1	4.2902441740e-07
251.000		0	0	4.9493474378e-07
251.000		0	1	8.7727486750e-08
251.000		1	0	0.0000000000e+00
251.000		1	1	4.2710393897e-07
252.000		0	0	4.9198770382e-07
252.000		0	1	8.7244033919e-08
252.000		1	0	0.0000000000e+00
252.000		1	1	4.2520611814e-07
253.000		0	0	4.8907147274e-07
253.000		0	1	8.6759245269e-08
253.000		1	0	0.0000000000e+00
253.000		1	1	4.2332955835e-07
254.000		0	0	4.8618575627e-07
254.000		0	1	8.6273366245e-08
254.000		1	0	0.0000000000e+00
254.000		1	1	4.2147286980e-07
255.000		0	0	4.8333026366e-07
255.000		0	1	8.5786634869e-08
255.000		1	0	0.0000000000e+00
255.000		1	1	4.1963470218e-07
256.000		0	0	4.8050470765e-07
256.000		0	1	8.5299281949e-08
256.000		1	0	0.0000000000e+00
256.000		1	1	4.1781374359e-07
